40 100 60
4 17 55 0 
9 14 21 0 
9 21 0 
2 4 26 52 58 0 
24 43 56 0 
23 24 29 47 55 0 
9 15 25 31 0 
19 42 0 
42 50 56 0 
5 12 39 0 
20 24 38 53 60 0 
7 8 34 0 
26 42 0 
14 30 32 0 
12 26 37 44 46 0 
8 24 0 
29 57 60 0 
19 30 38 50 0 
11 23 29 34 54 0 
9 40 0 
11 34 44 54 58 0 
6 57 58 0 
47 54 56 0 
13 26 29 30 59 0 
3 4 22 41 49 0 
28 36 43 0 
8 19 0 
17 33 39 54 0 
29 43 54 60 0 
6 21 34 48 52 0 
12 20 25 36 39 0 
10 50 0 
16 23 51 0 
1 41 0 
3 26 28 52 57 0 
7 30 36 39 44 0 
32 58 0 
16 28 43 0 
25 45 47 49 0 
2 35 48 49 59 0 
6 14 31 59 0 
7 9 20 54 0 
2 27 59 0 
1 16 17 41 51 0 
7 18 19 28 46 0 
16 27 28 38 51 0 
6 18 44 60 0 
8 14 0 
17 33 56 58 0 
17 24 60 0 
2 11 30 45 56 0 
16 22 0 
8 20 58 0 
4 33 47 56 57 0 
20 28 29 32 46 0 
6 32 44 56 60 0 
34 41 43 52 58 0 
12 27 33 47 58 0 
31 42 54 56 0 
3 19 32 33 60 0 
39 58 0 
5 13 21 26 54 0 
1 21 30 0 
12 27 41 0 
20 21 52 0 
7 17 26 57 60 0 
19 20 34 0 
8 27 32 44 0 
7 13 0 
24 56 0 
3 11 18 24 45 0 
30 39 42 0 
37 55 0 
15 35 36 0 
7 28 34 0 
13 59 0 
33 35 44 0 
6 19 27 0 
17 28 0 
41 42 0 
8 13 17 56 0 
1 21 45 0 
30 33 46 0 
9 15 40 60 0 
15 47 0 
4 11 19 52 54 0 
5 17 38 59 0 
2 43 0 
16 32 59 0 
21 39 0 
15 36 58 0 
7 25 34 0 
1 13 26 31 42 0 
8 23 46 56 0 
12 25 30 0 
9 19 29 45 54 0 
20 30 60 0 
17 36 39 56 0 
14 19 40 42 47 0 
9 19 25 43 57 0 
11 14 29 31 39 0 
12 18 51 60 0 
22 27 33 40 57 0 
39 56 0 
3 39 49 0 
8 28 43 0 
14 36 0 
1 18 37 45 48 0 
25 50 57 0 
14 15 35 38 59 0 
9 30 39 0 
4 14 42 0 
8 10 11 47 52 0 
3 5 30 53 58 0 
15 48 0 
27 51 0 
24 41 52 53 54 0 
13 16 24 30 54 0 
4 34 38 0 
13 18 36 38 59 0 
27 28 41 45 51 0 
15 33 57 0 
17 35 46 0 
3 21 25 32 0 
2 13 14 33 49 0 
21 24 42 45 0 
16 48 0 
9 37 42 44 49 0 
3 10 30 43 51 0 
13 28 33 57 59 0 
1 13 29 36 51 0 
5 48 54 0 
9 35 38 0 
11 17 28 53 59 0 
18 33 42 52 0 
29 32 52 0 
6 29 43 50 0 
28 32 41 56 58 0 
3 54 0 
52 55 0 
2 2 2 2 2 2 2 3 4 2 3 2 2 4 2 4 4 4 3 4 2 4 4 3 3 2 3 2 3 4 2 2 3 4 4 4 3 4 2 3 3 4 4 3 4 2 2 2 4 4 4 4 3 3 2 4 2 4 2 2 
